solid 1
   facet normal 0.000000e+000 1.000000e+000 0.000000e+000
      outer loop
         vertex -1.159855e-001 -5.740000e+001 5.389043e+001
         vertex -1.781881e+000 -5.740000e+001 5.388633e+001
         vertex -1.781881e+000 -5.740000e+001 5.485223e+001
      endloop
   endfacet
   facet normal 0.000000e+000 1.000000e+000 0.000000e+000
      outer loop
         vertex -1.781881e+000 -5.740000e+001 6.214777e+001
         vertex -1.781881e+000 -5.740000e+001 6.500000e+001
         vertex 7.971054e-013 -5.740000e+001 6.317654e+001
      endloop
   endfacet
   facet normal 0.000000e+000 1.000000e+000 0.000000e+000
      outer loop
         vertex 7.971054e-013 -5.740000e+001 6.317654e+001
         vertex -1.781881e+000 -5.740000e+001 6.500000e+001
         vertex 1.781881e+000 -5.740000e+001 6.500000e+001
      endloop
   endfacet
   facet normal 0.000000e+000 1.000000e+000 0.000000e+000
      outer loop
         vertex 7.971054e-013 -5.740000e+001 6.317654e+001
         vertex 1.781881e+000 -5.740000e+001 6.500000e+001
         vertex 1.781881e+000 -5.740000e+001 6.214777e+001
      endloop
   endfacet
   facet normal 1.000000e+000 1.047444e-014 0.000000e+000
      outer loop
         vertex -5.740000e+001 1.781881e+000 6.214777e+001
         vertex -5.740000e+001 1.781881e+000 6.500000e+001
         vertex -5.740000e+001 -1.960238e-013 6.317654e+001
      endloop
   endfacet
   facet normal 1.000000e+000 1.047444e-014 0.000000e+000
      outer loop
         vertex -5.740000e+001 -1.960238e-013 6.317654e+001
         vertex -5.740000e+001 1.781881e+000 6.500000e+001
         vertex -5.740000e+001 -1.781881e+000 6.500000e+001
      endloop
   endfacet
   facet normal 1.000000e+000 1.047444e-014 0.000000e+000
      outer loop
         vertex -5.740000e+001 -1.960238e-013 6.317654e+001
         vertex -5.740000e+001 -1.781881e+000 6.500000e+001
         vertex -5.740000e+001 -1.781881e+000 6.214777e+001
      endloop
   endfacet
   facet normal 1.000000e+000 1.047444e-014 0.000000e+000
      outer loop
         vertex -5.740000e+001 -1.781881e+000 5.388633e+001
         vertex -5.740000e+001 -1.159855e-001 5.389043e+001
         vertex -5.740000e+001 -1.781881e+000 5.485223e+001
      endloop
   endfacet
   facet normal -1.000000e+000 -3.491481e-015 0.000000e+000
      outer loop
         vertex 5.740000e+001 -1.781881e+000 6.214777e+001
         vertex 5.740000e+001 -1.781881e+000 6.500000e+001
         vertex 5.740000e+001 1.960238e-013 6.317654e+001
      endloop
   endfacet
   facet normal -1.000000e+000 -3.491481e-015 0.000000e+000
      outer loop
         vertex 5.740000e+001 1.960238e-013 6.317654e+001
         vertex 5.740000e+001 -1.781881e+000 6.500000e+001
         vertex 5.740000e+001 1.781881e+000 6.500000e+001
      endloop
   endfacet
   facet normal -1.000000e+000 -3.491481e-015 0.000000e+000
      outer loop
         vertex 5.740000e+001 1.960238e-013 6.317654e+001
         vertex 5.740000e+001 1.781881e+000 6.500000e+001
         vertex 5.740000e+001 1.781881e+000 6.214777e+001
      endloop
   endfacet
   facet normal -1.000000e+000 -3.491481e-015 0.000000e+000
      outer loop
         vertex 5.740000e+001 1.781881e+000 5.388633e+001
         vertex 5.740000e+001 1.159855e-001 5.389043e+001
         vertex 5.740000e+001 1.781881e+000 5.485223e+001
      endloop
   endfacet
   facet normal 0.000000e+000 -1.000000e+000 0.000000e+000
      outer loop
         vertex 1.159855e-001 5.740000e+001 5.389043e+001
         vertex 1.781881e+000 5.740000e+001 5.388633e+001
         vertex 1.781881e+000 5.740000e+001 5.485223e+001
      endloop
   endfacet
   facet normal 0.000000e+000 -1.000000e+000 0.000000e+000
      outer loop
         vertex 1.781881e+000 5.740000e+001 6.214777e+001
         vertex 1.781881e+000 5.740000e+001 6.500000e+001
         vertex -3.963843e-013 5.740000e+001 6.317654e+001
      endloop
   endfacet
   facet normal 0.000000e+000 -1.000000e+000 0.000000e+000
      outer loop
         vertex -3.963843e-013 5.740000e+001 6.317654e+001
         vertex 1.781881e+000 5.740000e+001 6.500000e+001
         vertex -1.781881e+000 5.740000e+001 6.500000e+001
      endloop
   endfacet
   facet normal 0.000000e+000 -1.000000e+000 0.000000e+000
      outer loop
         vertex -3.963843e-013 5.740000e+001 6.317654e+001
         vertex -1.781881e+000 5.740000e+001 6.500000e+001
         vertex -1.781881e+000 5.740000e+001 6.214777e+001
      endloop
   endfacet
   facet normal 0.000000e+000 -1.000000e+000 0.000000e+000
      outer loop
         vertex -2.050000e+000 -6.440000e+001 6.205070e+001
         vertex -2.577834e+000 -6.440000e+001 6.168822e+001
         vertex -1.472166e+000 -6.440000e+001 6.232658e+001
      endloop
   endfacet
   facet normal 0.000000e+000 -1.000000e+000 0.000000e+000
      outer loop
         vertex -4.100000e+000 -6.440000e+001 5.850000e+001
         vertex -4.050000e+000 -6.440000e+001 5.786164e+001
         vertex -4.050000e+000 -6.440000e+001 5.913836e+001
      endloop
   endfacet
   facet normal 0.000000e+000 -1.000000e+000 0.000000e+000
      outer loop
         vertex -2.050000e+000 -6.440000e+001 5.494930e+001
         vertex -1.472166e+000 -6.440000e+001 5.467342e+001
         vertex -2.577834e+000 -6.440000e+001 5.531178e+001
      endloop
   endfacet
   facet normal 0.000000e+000 -1.000000e+000 0.000000e+000
      outer loop
         vertex 2.050000e+000 -6.440000e+001 5.494930e+001
         vertex 2.577834e+000 -6.440000e+001 5.531178e+001
         vertex 1.472166e+000 -6.440000e+001 5.467342e+001
      endloop
   endfacet
   facet normal 0.000000e+000 -1.000000e+000 0.000000e+000
      outer loop
         vertex 4.100000e+000 -6.440000e+001 5.850000e+001
         vertex 4.050000e+000 -6.440000e+001 5.913836e+001
         vertex 4.050000e+000 -6.440000e+001 5.786164e+001
      endloop
   endfacet
   facet normal 0.000000e+000 -1.000000e+000 0.000000e+000
      outer loop
         vertex 2.050000e+000 -6.440000e+001 6.205070e+001
         vertex 1.472166e+000 -6.440000e+001 6.232658e+001
         vertex 2.577834e+000 -6.440000e+001 6.168822e+001
      endloop
   endfacet
   facet normal -1.000000e+000 -8.826273e-015 0.000000e+000
      outer loop
         vertex -6.440000e+001 2.050000e+000 6.205070e+001
         vertex -6.440000e+001 2.577834e+000 6.168822e+001
         vertex -6.440000e+001 1.472166e+000 6.232658e+001
      endloop
   endfacet
   facet normal -1.000000e+000 -8.826273e-015 0.000000e+000
      outer loop
         vertex -6.440000e+001 4.100000e+000 5.850000e+001
         vertex -6.440000e+001 4.050000e+000 5.786164e+001
         vertex -6.440000e+001 4.050000e+000 5.913836e+001
      endloop
   endfacet
   facet normal -1.000000e+000 -8.826273e-015 0.000000e+000
      outer loop
         vertex -6.440000e+001 2.050000e+000 5.494930e+001
         vertex -6.440000e+001 1.472166e+000 5.467342e+001
         vertex -6.440000e+001 2.577834e+000 5.531178e+001
      endloop
   endfacet
   facet normal -1.000000e+000 -8.826273e-015 0.000000e+000
      outer loop
         vertex -6.440000e+001 -2.050000e+000 5.494930e+001
         vertex -6.440000e+001 -2.577834e+000 5.531178e+001
         vertex -6.440000e+001 -1.472166e+000 5.467342e+001
      endloop
   endfacet
   facet normal -1.000000e+000 -8.826273e-015 0.000000e+000
      outer loop
         vertex -6.440000e+001 -4.100000e+000 5.850000e+001
         vertex -6.440000e+001 -4.050000e+000 5.913836e+001
         vertex -6.440000e+001 -4.050000e+000 5.786164e+001
      endloop
   endfacet
   facet normal -1.000000e+000 -8.826273e-015 0.000000e+000
      outer loop
         vertex -6.440000e+001 -2.050000e+000 6.205070e+001
         vertex -6.440000e+001 -1.472166e+000 6.232658e+001
         vertex -6.440000e+001 -2.577834e+000 6.168822e+001
      endloop
   endfacet
   facet normal -5.329071e-015 1.000000e+000 0.000000e+000
      outer loop
         vertex 2.050000e+000 6.440000e+001 6.205070e+001
         vertex 2.577834e+000 6.440000e+001 6.168822e+001
         vertex 1.472166e+000 6.440000e+001 6.232658e+001
      endloop
   endfacet
   facet normal -5.329071e-015 1.000000e+000 0.000000e+000
      outer loop
         vertex 4.100000e+000 6.440000e+001 5.850000e+001
         vertex 4.050000e+000 6.440000e+001 5.786164e+001
         vertex 4.050000e+000 6.440000e+001 5.913836e+001
      endloop
   endfacet
   facet normal -5.329071e-015 1.000000e+000 0.000000e+000
      outer loop
         vertex 2.050000e+000 6.440000e+001 5.494930e+001
         vertex 1.472166e+000 6.440000e+001 5.467342e+001
         vertex 2.577834e+000 6.440000e+001 5.531178e+001
      endloop
   endfacet
   facet normal -5.329071e-015 1.000000e+000 0.000000e+000
      outer loop
         vertex -2.050000e+000 6.440000e+001 5.494930e+001
         vertex -2.577834e+000 6.440000e+001 5.531178e+001
         vertex -1.472166e+000 6.440000e+001 5.467342e+001
      endloop
   endfacet
   facet normal -5.329071e-015 1.000000e+000 0.000000e+000
      outer loop
         vertex -4.100000e+000 6.440000e+001 5.850000e+001
         vertex -4.050000e+000 6.440000e+001 5.913836e+001
         vertex -4.050000e+000 6.440000e+001 5.786164e+001
      endloop
   endfacet
   facet normal -5.329071e-015 1.000000e+000 0.000000e+000
      outer loop
         vertex -2.050000e+000 6.440000e+001 6.205070e+001
         vertex -1.472166e+000 6.440000e+001 6.232658e+001
         vertex -2.577834e+000 6.440000e+001 6.168822e+001
      endloop
   endfacet
   facet normal 1.000000e+000 1.776357e-015 0.000000e+000
      outer loop
         vertex 6.440000e+001 -2.050000e+000 6.205070e+001
         vertex 6.440000e+001 -2.577834e+000 6.168822e+001
         vertex 6.440000e+001 -1.472166e+000 6.232658e+001
      endloop
   endfacet
   facet normal 1.000000e+000 1.776357e-015 0.000000e+000
      outer loop
         vertex 6.440000e+001 -4.100000e+000 5.850000e+001
         vertex 6.440000e+001 -4.050000e+000 5.786164e+001
         vertex 6.440000e+001 -4.050000e+000 5.913836e+001
      endloop
   endfacet
   facet normal 1.000000e+000 1.776357e-015 0.000000e+000
      outer loop
         vertex 6.440000e+001 -2.050000e+000 5.494930e+001
         vertex 6.440000e+001 -1.472166e+000 5.467342e+001
         vertex 6.440000e+001 -2.577834e+000 5.531178e+001
      endloop
   endfacet
   facet normal 1.000000e+000 1.776357e-015 0.000000e+000
      outer loop
         vertex 6.440000e+001 2.050000e+000 5.494930e+001
         vertex 6.440000e+001 2.577834e+000 5.531178e+001
         vertex 6.440000e+001 1.472166e+000 5.467342e+001
      endloop
   endfacet
   facet normal 1.000000e+000 1.776357e-015 0.000000e+000
      outer loop
         vertex 6.440000e+001 4.100000e+000 5.850000e+001
         vertex 6.440000e+001 4.050000e+000 5.913836e+001
         vertex 6.440000e+001 4.050000e+000 5.786164e+001
      endloop
   endfacet
   facet normal 1.000000e+000 1.776357e-015 0.000000e+000
      outer loop
         vertex 6.440000e+001 2.050000e+000 6.205070e+001
         vertex 6.440000e+001 1.472166e+000 6.232658e+001
         vertex 6.440000e+001 2.577834e+000 6.168822e+001
      endloop
   endfacet
   facet normal -7.071068e-001 7.071068e-001 0.000000e+000
      outer loop
         vertex 4.486592e+001 3.913836e+001 5.616173e+001
         vertex 4.486592e+001 3.913836e+001 6.500000e+001
         vertex 4.840146e+001 4.267389e+001 6.500000e+001
      endloop
   endfacet
   facet normal -7.071068e-001 7.071068e-001 0.000000e+000
      outer loop
         vertex 4.840146e+001 4.267389e+001 6.500000e+001
         vertex 4.840146e+001 4.267389e+001 5.913836e+001
         vertex 4.486592e+001 3.913836e+001 5.616173e+001
      endloop
   endfacet
   facet normal -7.071068e-001 7.071068e-001 0.000000e+000
      outer loop
         vertex 4.486592e+001 3.913836e+001 5.616173e+001
         vertex 4.840146e+001 4.267389e+001 5.913836e+001
         vertex 4.840146e+001 4.267389e+001 5.786164e+001
      endloop
   endfacet
   facet normal -7.071068e-001 7.071068e-001 0.000000e+000
      outer loop
         vertex 4.486592e+001 3.913836e+001 5.616173e+001
         vertex 4.840146e+001 4.267389e+001 5.786164e+001
         vertex 4.840146e+001 4.267389e+001 5.616173e+001
      endloop
   endfacet
   facet normal 7.071068e-001 7.071068e-001 0.000000e+000
      outer loop
         vertex 4.200214e+001 4.200214e+001 5.382346e+001
         vertex 3.913836e+001 4.486592e+001 5.616173e+001
         vertex 4.486592e+001 3.913836e+001 5.616173e+001
      endloop
   endfacet
   facet normal 7.071068e-001 7.071068e-001 0.000000e+000
      outer loop
         vertex 4.486592e+001 3.913836e+001 5.616173e+001
         vertex 3.913836e+001 4.486592e+001 5.616173e+001
         vertex 3.913836e+001 4.486592e+001 6.500000e+001
      endloop
   endfacet
   facet normal 7.071068e-001 7.071068e-001 0.000000e+000
      outer loop
         vertex 4.486592e+001 3.913836e+001 5.616173e+001
         vertex 3.913836e+001 4.486592e+001 6.500000e+001
         vertex 4.486592e+001 3.913836e+001 6.500000e+001
      endloop
   endfacet
   facet normal 7.071068e-001 -7.071068e-001 0.000000e+000
      outer loop
         vertex 4.267389e+001 4.840146e+001 6.500000e+001
         vertex 3.913836e+001 4.486592e+001 6.500000e+001
         vertex 4.267389e+001 4.840146e+001 5.913836e+001
      endloop
   endfacet
   facet normal 7.071068e-001 -7.071068e-001 0.000000e+000
      outer loop
         vertex 4.267389e+001 4.840146e+001 5.913836e+001
         vertex 3.913836e+001 4.486592e+001 6.500000e+001
         vertex 3.913836e+001 4.486592e+001 5.616173e+001
      endloop
   endfacet
   facet normal 7.071068e-001 -7.071068e-001 0.000000e+000
      outer loop
         vertex 4.267389e+001 4.840146e+001 5.913836e+001
         vertex 3.913836e+001 4.486592e+001 5.616173e+001
         vertex 4.267389e+001 4.840146e+001 5.786164e+001
      endloop
   endfacet
   facet normal 7.071068e-001 -7.071068e-001 0.000000e+000
      outer loop
         vertex 4.267389e+001 4.840146e+001 5.786164e+001
         vertex 3.913836e+001 4.486592e+001 5.616173e+001
         vertex 4.267389e+001 4.840146e+001 5.616173e+001
      endloop
   endfacet
   facet normal -7.071068e-001 -7.071068e-001 0.000000e+000
      outer loop
         vertex 4.267389e+001 4.840146e+001 5.786164e+001
         vertex 4.267389e+001 4.840146e+001 5.616173e+001
         vertex 4.302695e+001 4.804840e+001 5.645000e+001
      endloop
   endfacet
   facet normal -7.071068e-001 -7.071068e-001 0.000000e+000
      outer loop
         vertex 4.302695e+001 4.804840e+001 5.645000e+001
         vertex 4.267389e+001 4.840146e+001 5.616173e+001
         vertex 4.371487e+001 4.736048e+001 5.531178e+001
      endloop
   endfacet
   facet normal -7.071068e-001 -7.071068e-001 0.000000e+000
      outer loop
         vertex 4.736048e+001 4.371487e+001 5.531178e+001
         vertex 4.840146e+001 4.267389e+001 5.616173e+001
         vertex 4.804840e+001 4.302695e+001 5.645000e+001
      endloop
   endfacet
   facet normal -7.071068e-001 -7.071068e-001 0.000000e+000
      outer loop
         vertex 4.804840e+001 4.302695e+001 5.645000e+001
         vertex 4.840146e+001 4.267389e+001 5.616173e+001
         vertex 4.840146e+001 4.267389e+001 5.786164e+001
      endloop
   endfacet
   facet normal -7.071068e-001 -7.071068e-001 0.000000e+000
      outer loop
         vertex 4.449670e+001 4.657866e+001 5.467342e+001
         vertex 4.553768e+001 4.553768e+001 5.382346e+001
         vertex 4.553768e+001 4.553768e+001 5.440000e+001
      endloop
   endfacet
   facet normal -7.071068e-001 -7.071068e-001 0.000000e+000
      outer loop
         vertex 4.553768e+001 4.553768e+001 5.440000e+001
         vertex 4.553768e+001 4.553768e+001 5.382346e+001
         vertex 4.657866e+001 4.449670e+001 5.467342e+001
      endloop
   endfacet
   facet normal -7.071068e-001 -7.071068e-001 0.000000e+000
      outer loop
         vertex -3.913836e+001 4.486592e+001 5.616173e+001
         vertex -3.913836e+001 4.486592e+001 6.500000e+001
         vertex -4.267389e+001 4.840146e+001 6.500000e+001
      endloop
   endfacet
   facet normal -7.071068e-001 -7.071068e-001 0.000000e+000
      outer loop
         vertex -4.267389e+001 4.840146e+001 6.500000e+001
         vertex -4.267389e+001 4.840146e+001 5.913836e+001
         vertex -3.913836e+001 4.486592e+001 5.616173e+001
      endloop
   endfacet
   facet normal -7.071068e-001 -7.071068e-001 0.000000e+000
      outer loop
         vertex -3.913836e+001 4.486592e+001 5.616173e+001
         vertex -4.267389e+001 4.840146e+001 5.913836e+001
         vertex -4.267389e+001 4.840146e+001 5.786164e+001
      endloop
   endfacet
   facet normal -7.071068e-001 -7.071068e-001 0.000000e+000
      outer loop
         vertex -3.913836e+001 4.486592e+001 5.616173e+001
         vertex -4.267389e+001 4.840146e+001 5.786164e+001
         vertex -4.267389e+001 4.840146e+001 5.616173e+001
      endloop
   endfacet
   facet normal -7.071068e-001 7.071068e-001 0.000000e+000
      outer loop
         vertex -3.913836e+001 4.486592e+001 5.616173e+001
         vertex -4.200214e+001 4.200214e+001 5.382346e+001
         vertex -3.913836e+001 4.486592e+001 6.500000e+001
      endloop
   endfacet
   facet normal -7.071068e-001 7.071068e-001 0.000000e+000
      outer loop
         vertex -3.913836e+001 4.486592e+001 6.500000e+001
         vertex -4.200214e+001 4.200214e+001 5.382346e+001
         vertex -4.486592e+001 3.913836e+001 5.616173e+001
      endloop
   endfacet
   facet normal -7.071068e-001 7.071068e-001 0.000000e+000
      outer loop
         vertex -3.913836e+001 4.486592e+001 6.500000e+001
         vertex -4.486592e+001 3.913836e+001 5.616173e+001
         vertex -4.486592e+001 3.913836e+001 6.500000e+001
      endloop
   endfacet
   facet normal 7.071068e-001 7.071068e-001 0.000000e+000
      outer loop
         vertex -4.840146e+001 4.267389e+001 6.500000e+001
         vertex -4.486592e+001 3.913836e+001 6.500000e+001
         vertex -4.840146e+001 4.267389e+001 5.913836e+001
      endloop
   endfacet
   facet normal 7.071068e-001 7.071068e-001 0.000000e+000
      outer loop
         vertex -4.840146e+001 4.267389e+001 5.913836e+001
         vertex -4.486592e+001 3.913836e+001 6.500000e+001
         vertex -4.486592e+001 3.913836e+001 5.616173e+001
      endloop
   endfacet
   facet normal 7.071068e-001 7.071068e-001 0.000000e+000
      outer loop
         vertex -4.840146e+001 4.267389e+001 5.913836e+001
         vertex -4.486592e+001 3.913836e+001 5.616173e+001
         vertex -4.840146e+001 4.267389e+001 5.786164e+001
      endloop
   endfacet
   facet normal 7.071068e-001 7.071068e-001 0.000000e+000
      outer loop
         vertex -4.840146e+001 4.267389e+001 5.786164e+001
         vertex -4.486592e+001 3.913836e+001 5.616173e+001
         vertex -4.840146e+001 4.267389e+001 5.616173e+001
      endloop
   endfacet
   facet normal 7.071068e-001 -7.071068e-001 0.000000e+000
      outer loop
         vertex -4.840146e+001 4.267389e+001 5.786164e+001
         vertex -4.840146e+001 4.267389e+001 5.616173e+001
         vertex -4.804840e+001 4.302695e+001 5.645000e+001
      endloop
   endfacet
   facet normal 7.071068e-001 -7.071068e-001 0.000000e+000
      outer loop
         vertex -4.804840e+001 4.302695e+001 5.645000e+001
         vertex -4.840146e+001 4.267389e+001 5.616173e+001
         vertex -4.736048e+001 4.371487e+001 5.531178e+001
      endloop
   endfacet
   facet normal 7.071068e-001 -7.071068e-001 0.000000e+000
      outer loop
         vertex -4.371487e+001 4.736048e+001 5.531178e+001
         vertex -4.267389e+001 4.840146e+001 5.616173e+001
         vertex -4.302695e+001 4.804840e+001 5.645000e+001
      endloop
   endfacet
   facet normal 7.071068e-001 -7.071068e-001 0.000000e+000
      outer loop
         vertex -4.302695e+001 4.804840e+001 5.645000e+001
         vertex -4.267389e+001 4.840146e+001 5.616173e+001
         vertex -4.267389e+001 4.840146e+001 5.786164e+001
      endloop
   endfacet
   facet normal 7.071068e-001 -7.071068e-001 0.000000e+000
      outer loop
         vertex -4.657866e+001 4.449670e+001 5.467342e+001
         vertex -4.553768e+001 4.553768e+001 5.382346e+001
         vertex -4.553768e+001 4.553768e+001 5.440000e+001
      endloop
   endfacet
   facet normal 7.071068e-001 -7.071068e-001 0.000000e+000
      outer loop
         vertex -4.553768e+001 4.553768e+001 5.440000e+001
         vertex -4.553768e+001 4.553768e+001 5.382346e+001
         vertex -4.449670e+001 4.657866e+001 5.467342e+001
      endloop
   endfacet
   facet normal 7.071068e-001 -7.071068e-001 0.000000e+000
      outer loop
         vertex -4.486592e+001 -3.913836e+001 5.616173e+001
         vertex -4.486592e+001 -3.913836e+001 6.500000e+001
         vertex -4.840146e+001 -4.267389e+001 6.500000e+001
      endloop
   endfacet
   facet normal 7.071068e-001 -7.071068e-001 0.000000e+000
      outer loop
         vertex -4.840146e+001 -4.267389e+001 6.500000e+001
         vertex -4.840146e+001 -4.267389e+001 5.913836e+001
         vertex -4.486592e+001 -3.913836e+001 5.616173e+001
      endloop
   endfacet
   facet normal 7.071068e-001 -7.071068e-001 0.000000e+000
      outer loop
         vertex -4.486592e+001 -3.913836e+001 5.616173e+001
         vertex -4.840146e+001 -4.267389e+001 5.913836e+001
         vertex -4.840146e+001 -4.267389e+001 5.786164e+001
      endloop
   endfacet
   facet normal 7.071068e-001 -7.071068e-001 0.000000e+000
      outer loop
         vertex -4.486592e+001 -3.913836e+001 5.616173e+001
         vertex -4.840146e+001 -4.267389e+001 5.786164e+001
         vertex -4.840146e+001 -4.267389e+001 5.616173e+001
      endloop
   endfacet
   facet normal -7.071068e-001 -7.071068e-001 0.000000e+000
      outer loop
         vertex -4.200214e+001 -4.200214e+001 5.382346e+001
         vertex -3.913836e+001 -4.486592e+001 5.616173e+001
         vertex -4.486592e+001 -3.913836e+001 5.616173e+001
      endloop
   endfacet
   facet normal -7.071068e-001 -7.071068e-001 0.000000e+000
      outer loop
         vertex -4.486592e+001 -3.913836e+001 5.616173e+001
         vertex -3.913836e+001 -4.486592e+001 5.616173e+001
         vertex -3.913836e+001 -4.486592e+001 6.500000e+001
      endloop
   endfacet
   facet normal -7.071068e-001 -7.071068e-001 0.000000e+000
      outer loop
         vertex -4.486592e+001 -3.913836e+001 5.616173e+001
         vertex -3.913836e+001 -4.486592e+001 6.500000e+001
         vertex -4.486592e+001 -3.913836e+001 6.500000e+001
      endloop
   endfacet
   facet normal -7.071068e-001 7.071068e-001 0.000000e+000
      outer loop
         vertex -4.267389e+001 -4.840146e+001 6.500000e+001
         vertex -3.913836e+001 -4.486592e+001 6.500000e+001
         vertex -4.267389e+001 -4.840146e+001 5.913836e+001
      endloop
   endfacet
   facet normal -7.071068e-001 7.071068e-001 0.000000e+000
      outer loop
         vertex -4.267389e+001 -4.840146e+001 5.913836e+001
         vertex -3.913836e+001 -4.486592e+001 6.500000e+001
         vertex -3.913836e+001 -4.486592e+001 5.616173e+001
      endloop
   endfacet
   facet normal -7.071068e-001 7.071068e-001 0.000000e+000
      outer loop
         vertex -4.267389e+001 -4.840146e+001 5.913836e+001
         vertex -3.913836e+001 -4.486592e+001 5.616173e+001
         vertex -4.267389e+001 -4.840146e+001 5.786164e+001
      endloop
   endfacet
   facet normal -7.071068e-001 7.071068e-001 0.000000e+000
      outer loop
         vertex -4.267389e+001 -4.840146e+001 5.786164e+001
         vertex -3.913836e+001 -4.486592e+001 5.616173e+001
         vertex -4.267389e+001 -4.840146e+001 5.616173e+001
      endloop
   endfacet
   facet normal 7.071068e-001 7.071068e-001 0.000000e+000
      outer loop
         vertex -4.267389e+001 -4.840146e+001 5.786164e+001
         vertex -4.267389e+001 -4.840146e+001 5.616173e+001
         vertex -4.302695e+001 -4.804840e+001 5.645000e+001
      endloop
   endfacet
   facet normal 7.071068e-001 7.071068e-001 0.000000e+000
      outer loop
         vertex -4.302695e+001 -4.804840e+001 5.645000e+001
         vertex -4.267389e+001 -4.840146e+001 5.616173e+001
         vertex -4.371487e+001 -4.736048e+001 5.531178e+001
      endloop
   endfacet
   facet normal 7.071068e-001 7.071068e-001 0.000000e+000
      outer loop
         vertex -4.736048e+001 -4.371487e+001 5.531178e+001
         vertex -4.840146e+001 -4.267389e+001 5.616173e+001
         vertex -4.804840e+001 -4.302695e+001 5.645000e+001
      endloop
   endfacet
   facet normal 7.071068e-001 7.071068e-001 0.000000e+000
      outer loop
         vertex -4.804840e+001 -4.302695e+001 5.645000e+001
         vertex -4.840146e+001 -4.267389e+001 5.616173e+001
         vertex -4.840146e+001 -4.267389e+001 5.786164e+001
      endloop
   endfacet
   facet normal 7.071068e-001 7.071068e-001 0.000000e+000
      outer loop
         vertex -4.449670e+001 -4.657866e+001 5.467342e+001
         vertex -4.553768e+001 -4.553768e+001 5.382346e+001
         vertex -4.553768e+001 -4.553768e+001 5.440000e+001
      endloop
   endfacet
   facet normal 7.071068e-001 7.071068e-001 0.000000e+000
      outer loop
         vertex -4.553768e+001 -4.553768e+001 5.440000e+001
         vertex -4.553768e+001 -4.553768e+001 5.382346e+001
         vertex -4.657866e+001 -4.449670e+001 5.467342e+001
      endloop
   endfacet
   facet normal -7.071068e-001 -7.071068e-001 0.000000e+000
      outer loop
         vertex 4.804840e+001 4.302695e+001 6.055000e+001
         vertex 4.840146e+001 4.267389e+001 5.913836e+001
         vertex 4.840146e+001 4.267389e+001 6.500000e+001
      endloop
   endfacet
   facet normal -7.071068e-001 -7.071068e-001 0.000000e+000
      outer loop
         vertex 4.267389e+001 4.840146e+001 6.500000e+001
         vertex 4.267389e+001 4.840146e+001 5.913836e+001
         vertex 4.302695e+001 4.804840e+001 6.055000e+001
      endloop
   endfacet
   facet normal -7.071068e-001 -7.071068e-001 0.000000e+000
      outer loop
         vertex 4.302695e+001 4.804840e+001 6.055000e+001
         vertex 4.408811e+001 4.698725e+001 6.205070e+001
         vertex 4.267389e+001 4.840146e+001 6.500000e+001
      endloop
   endfacet
   facet normal -7.071068e-001 -7.071068e-001 0.000000e+000
      outer loop
         vertex 4.267389e+001 4.840146e+001 6.500000e+001
         vertex 4.408811e+001 4.698725e+001 6.205070e+001
         vertex 4.553768e+001 4.553768e+001 6.260000e+001
      endloop
   endfacet
   facet normal -7.071068e-001 -7.071068e-001 0.000000e+000
      outer loop
         vertex 4.267389e+001 4.840146e+001 6.500000e+001
         vertex 4.553768e+001 4.553768e+001 6.260000e+001
         vertex 4.840146e+001 4.267389e+001 6.500000e+001
      endloop
   endfacet
   facet normal -7.071068e-001 -7.071068e-001 0.000000e+000
      outer loop
         vertex 4.840146e+001 4.267389e+001 6.500000e+001
         vertex 4.553768e+001 4.553768e+001 6.260000e+001
         vertex 4.698725e+001 4.408811e+001 6.205070e+001
      endloop
   endfacet
   facet normal -7.071068e-001 -7.071068e-001 0.000000e+000
      outer loop
         vertex 4.840146e+001 4.267389e+001 6.500000e+001
         vertex 4.698725e+001 4.408811e+001 6.205070e+001
         vertex 4.804840e+001 4.302695e+001 6.055000e+001
      endloop
   endfacet
   facet normal 7.071068e-001 -7.071068e-001 0.000000e+000
      outer loop
         vertex -4.302695e+001 4.804840e+001 6.055000e+001
         vertex -4.267389e+001 4.840146e+001 5.913836e+001
         vertex -4.267389e+001 4.840146e+001 6.500000e+001
      endloop
   endfacet
   facet normal 7.071068e-001 -7.071068e-001 0.000000e+000
      outer loop
         vertex -4.840146e+001 4.267389e+001 6.500000e+001
         vertex -4.840146e+001 4.267389e+001 5.913836e+001
         vertex -4.804840e+001 4.302695e+001 6.055000e+001
      endloop
   endfacet
   facet normal 7.071068e-001 -7.071068e-001 0.000000e+000
      outer loop
         vertex -4.804840e+001 4.302695e+001 6.055000e+001
         vertex -4.698725e+001 4.408811e+001 6.205070e+001
         vertex -4.840146e+001 4.267389e+001 6.500000e+001
      endloop
   endfacet
   facet normal 7.071068e-001 -7.071068e-001 0.000000e+000
      outer loop
         vertex -4.840146e+001 4.267389e+001 6.500000e+001
         vertex -4.698725e+001 4.408811e+001 6.205070e+001
         vertex -4.553768e+001 4.553768e+001 6.260000e+001
      endloop
   endfacet
   facet normal 7.071068e-001 -7.071068e-001 0.000000e+000
      outer loop
         vertex -4.840146e+001 4.267389e+001 6.500000e+001
         vertex -4.553768e+001 4.553768e+001 6.260000e+001
         vertex -4.267389e+001 4.840146e+001 6.500000e+001
      endloop
   endfacet
   facet normal 7.071068e-001 -7.071068e-001 0.000000e+000
      outer loop
         vertex -4.267389e+001 4.840146e+001 6.500000e+001
         vertex -4.553768e+001 4.553768e+001 6.260000e+001
         vertex -4.408811e+001 4.698725e+001 6.205070e+001
      endloop
   endfacet
   facet normal 7.071068e-001 -7.071068e-001 0.000000e+000
      outer loop
         vertex -4.267389e+001 4.840146e+001 6.500000e+001
         vertex -4.408811e+001 4.698725e+001 6.205070e+001
         vertex -4.302695e+001 4.804840e+001 6.055000e+001
      endloop
   endfacet
   facet normal 7.071068e-001 7.071068e-001 0.000000e+000
      outer loop
         vertex -4.804840e+001 -4.302695e+001 6.055000e+001
         vertex -4.840146e+001 -4.267389e+001 5.913836e+001
         vertex -4.840146e+001 -4.267389e+001 6.500000e+001
      endloop
   endfacet
   facet normal 7.071068e-001 7.071068e-001 0.000000e+000
      outer loop
         vertex -4.267389e+001 -4.840146e+001 6.500000e+001
         vertex -4.267389e+001 -4.840146e+001 5.913836e+001
         vertex -4.302695e+001 -4.804840e+001 6.055000e+001
      endloop
   endfacet
   facet normal 7.071068e-001 7.071068e-001 0.000000e+000
      outer loop
         vertex -4.302695e+001 -4.804840e+001 6.055000e+001
         vertex -4.408811e+001 -4.698725e+001 6.205070e+001
         vertex -4.267389e+001 -4.840146e+001 6.500000e+001
      endloop
   endfacet
   facet normal 7.071068e-001 7.071068e-001 0.000000e+000
      outer loop
         vertex -4.267389e+001 -4.840146e+001 6.500000e+001
         vertex -4.408811e+001 -4.698725e+001 6.205070e+001
         vertex -4.553768e+001 -4.553768e+001 6.260000e+001
      endloop
   endfacet
   facet normal 7.071068e-001 7.071068e-001 0.000000e+000
      outer loop
         vertex -4.267389e+001 -4.840146e+001 6.500000e+001
         vertex -4.553768e+001 -4.553768e+001 6.260000e+001
         vertex -4.840146e+001 -4.267389e+001 6.500000e+001
      endloop
   endfacet
   facet normal 7.071068e-001 7.071068e-001 0.000000e+000
      outer loop
         vertex -4.840146e+001 -4.267389e+001 6.500000e+001
         vertex -4.553768e+001 -4.553768e+001 6.260000e+001
         vertex -4.698725e+001 -4.408811e+001 6.205070e+001
      endloop
   endfacet
   facet normal 7.071068e-001 7.071068e-001 0.000000e+000
      outer loop
         vertex -4.840146e+001 -4.267389e+001 6.500000e+001
         vertex -4.698725e+001 -4.408811e+001 6.205070e+001
         vertex -4.804840e+001 -4.302695e+001 6.055000e+001
      endloop
   endfacet
   facet normal 7.071068e-001 7.071068e-001 0.000000e+000
      outer loop
         vertex 3.913836e+001 -4.486592e+001 5.616173e+001
         vertex 3.913836e+001 -4.486592e+001 6.500000e+001
         vertex 4.267389e+001 -4.840146e+001 6.500000e+001
      endloop
   endfacet
   facet normal 7.071068e-001 7.071068e-001 0.000000e+000
      outer loop
         vertex 4.267389e+001 -4.840146e+001 6.500000e+001
         vertex 4.267389e+001 -4.840146e+001 5.913836e+001
         vertex 3.913836e+001 -4.486592e+001 5.616173e+001
      endloop
   endfacet
   facet normal 7.071068e-001 7.071068e-001 0.000000e+000
      outer loop
         vertex 3.913836e+001 -4.486592e+001 5.616173e+001
         vertex 4.267389e+001 -4.840146e+001 5.913836e+001
         vertex 4.267389e+001 -4.840146e+001 5.786164e+001
      endloop
   endfacet
   facet normal 7.071068e-001 7.071068e-001 0.000000e+000
      outer loop
         vertex 3.913836e+001 -4.486592e+001 5.616173e+001
         vertex 4.267389e+001 -4.840146e+001 5.786164e+001
         vertex 4.267389e+001 -4.840146e+001 5.616173e+001
      endloop
   endfacet
   facet normal 7.071068e-001 -7.071068e-001 0.000000e+000
      outer loop
         vertex 3.913836e+001 -4.486592e+001 5.616173e+001
         vertex 4.200214e+001 -4.200214e+001 5.382346e+001
         vertex 3.913836e+001 -4.486592e+001 6.500000e+001
      endloop
   endfacet
   facet normal 7.071068e-001 -7.071068e-001 0.000000e+000
      outer loop
         vertex 3.913836e+001 -4.486592e+001 6.500000e+001
         vertex 4.200214e+001 -4.200214e+001 5.382346e+001
         vertex 4.486592e+001 -3.913836e+001 5.616173e+001
      endloop
   endfacet
   facet normal 7.071068e-001 -7.071068e-001 0.000000e+000
      outer loop
         vertex 3.913836e+001 -4.486592e+001 6.500000e+001
         vertex 4.486592e+001 -3.913836e+001 5.616173e+001
         vertex 4.486592e+001 -3.913836e+001 6.500000e+001
      endloop
   endfacet
   facet normal -7.071068e-001 -7.071068e-001 0.000000e+000
      outer loop
         vertex 4.840146e+001 -4.267389e+001 6.500000e+001
         vertex 4.486592e+001 -3.913836e+001 6.500000e+001
         vertex 4.840146e+001 -4.267389e+001 5.913836e+001
      endloop
   endfacet
   facet normal -7.071068e-001 -7.071068e-001 0.000000e+000
      outer loop
         vertex 4.840146e+001 -4.267389e+001 5.913836e+001
         vertex 4.486592e+001 -3.913836e+001 6.500000e+001
         vertex 4.486592e+001 -3.913836e+001 5.616173e+001
      endloop
   endfacet
   facet normal -7.071068e-001 -7.071068e-001 0.000000e+000
      outer loop
         vertex 4.840146e+001 -4.267389e+001 5.913836e+001
         vertex 4.486592e+001 -3.913836e+001 5.616173e+001
         vertex 4.840146e+001 -4.267389e+001 5.786164e+001
      endloop
   endfacet
   facet normal -7.071068e-001 -7.071068e-001 0.000000e+000
      outer loop
         vertex 4.840146e+001 -4.267389e+001 5.786164e+001
         vertex 4.486592e+001 -3.913836e+001 5.616173e+001
         vertex 4.840146e+001 -4.267389e+001 5.616173e+001
      endloop
   endfacet
   facet normal -7.071068e-001 7.071068e-001 0.000000e+000
      outer loop
         vertex 4.840146e+001 -4.267389e+001 5.786164e+001
         vertex 4.840146e+001 -4.267389e+001 5.616173e+001
         vertex 4.804840e+001 -4.302695e+001 5.645000e+001
      endloop
   endfacet
   facet normal -7.071068e-001 7.071068e-001 0.000000e+000
      outer loop
         vertex 4.804840e+001 -4.302695e+001 5.645000e+001
         vertex 4.840146e+001 -4.267389e+001 5.616173e+001
         vertex 4.736048e+001 -4.371487e+001 5.531178e+001
      endloop
   endfacet
   facet normal -7.071068e-001 7.071068e-001 0.000000e+000
      outer loop
         vertex 4.371487e+001 -4.736048e+001 5.531178e+001
         vertex 4.267389e+001 -4.840146e+001 5.616173e+001
         vertex 4.302695e+001 -4.804840e+001 5.645000e+001
      endloop
   endfacet
   facet normal -7.071068e-001 7.071068e-001 0.000000e+000
      outer loop
         vertex 4.302695e+001 -4.804840e+001 5.645000e+001
         vertex 4.267389e+001 -4.840146e+001 5.616173e+001
         vertex 4.267389e+001 -4.840146e+001 5.786164e+001
      endloop
   endfacet
   facet normal -7.071068e-001 7.071068e-001 0.000000e+000
      outer loop
         vertex 4.657866e+001 -4.449670e+001 5.467342e+001
         vertex 4.553768e+001 -4.553768e+001 5.382346e+001
         vertex 4.553768e+001 -4.553768e+001 5.440000e+001
      endloop
   endfacet
   facet normal -7.071068e-001 7.071068e-001 0.000000e+000
      outer loop
         vertex 4.553768e+001 -4.553768e+001 5.440000e+001
         vertex 4.553768e+001 -4.553768e+001 5.382346e+001
         vertex 4.449670e+001 -4.657866e+001 5.467342e+001
      endloop
   endfacet
   facet normal -7.071068e-001 7.071068e-001 0.000000e+000
      outer loop
         vertex 4.302695e+001 -4.804840e+001 6.055000e+001
         vertex 4.267389e+001 -4.840146e+001 5.913836e+001
         vertex 4.267389e+001 -4.840146e+001 6.500000e+001
      endloop
   endfacet
   facet normal -7.071068e-001 7.071068e-001 0.000000e+000
      outer loop
         vertex 4.840146e+001 -4.267389e+001 6.500000e+001
         vertex 4.840146e+001 -4.267389e+001 5.913836e+001
         vertex 4.804840e+001 -4.302695e+001 6.055000e+001
      endloop
   endfacet
   facet normal -7.071068e-001 7.071068e-001 0.000000e+000
      outer loop
         vertex 4.804840e+001 -4.302695e+001 6.055000e+001
         vertex 4.698725e+001 -4.408811e+001 6.205070e+001
         vertex 4.840146e+001 -4.267389e+001 6.500000e+001
      endloop
   endfacet
   facet normal -7.071068e-001 7.071068e-001 0.000000e+000
      outer loop
         vertex 4.840146e+001 -4.267389e+001 6.500000e+001
         vertex 4.698725e+001 -4.408811e+001 6.205070e+001
         vertex 4.553768e+001 -4.553768e+001 6.260000e+001
      endloop
   endfacet
   facet normal -7.071068e-001 7.071068e-001 0.000000e+000
      outer loop
         vertex 4.840146e+001 -4.267389e+001 6.500000e+001
         vertex 4.553768e+001 -4.553768e+001 6.260000e+001
         vertex 4.267389e+001 -4.840146e+001 6.500000e+001
      endloop
   endfacet
   facet normal -7.071068e-001 7.071068e-001 0.000000e+000
      outer loop
         vertex 4.267389e+001 -4.840146e+001 6.500000e+001
         vertex 4.553768e+001 -4.553768e+001 6.260000e+001
         vertex 4.408811e+001 -4.698725e+001 6.205070e+001
      endloop
   endfacet
   facet normal -7.071068e-001 7.071068e-001 0.000000e+000
      outer loop
         vertex 4.267389e+001 -4.840146e+001 6.500000e+001
         vertex 4.408811e+001 -4.698725e+001 6.205070e+001
         vertex 4.302695e+001 -4.804840e+001 6.055000e+001
      endloop
   endfacet
   facet normal -1.718619e-001 9.851211e-001 0.000000e+000
      outer loop
         vertex -1.494069e-015 -6.100000e+000 3.790000e+001
         vertex -1.494069e-015 -6.100000e+000 5.800000e+001
         vertex 3.050000e+000 -5.282755e+000 3.790000e+001
      endloop
   endfacet
   facet normal -3.437238e-001 9.390708e-001 0.000000e+000
      outer loop
         vertex 3.050000e+000 -5.282755e+000 3.790000e+001
         vertex -1.494069e-015 -6.100000e+000 5.800000e+001
         vertex 3.050000e+000 -5.282755e+000 5.800000e+001
      endloop
   endfacet
   facet normal -6.413973e-001 7.672089e-001 0.000000e+000
      outer loop
         vertex 3.050000e+000 -5.282755e+000 3.790000e+001
         vertex 3.050000e+000 -5.282755e+000 5.800000e+001
         vertex 5.282755e+000 -3.050000e+000 3.790000e+001
      endloop
   endfacet
   facet normal -7.672089e-001 6.413973e-001 0.000000e+000
      outer loop
         vertex 5.282755e+000 -3.050000e+000 3.790000e+001
         vertex 3.050000e+000 -5.282755e+000 5.800000e+001
